StartChar: uni1EA4
Encoding: 7844 7844 621
Width: 605
Flags: HW
LayerCount: 2
Fore
Refer: 260 -1 N 0.786834 0 0 0.981481 350 80 2
Refer: 261 -1 N 1 0 0 1 92 -17 2
Refer: 33 65 N 1 0 0 1 0 0 3
EndChar
