StartChar: uni1EBE
Encoding: 7870 7870 646
Width: 558
Flags: HW
LayerCount: 2
Fore
Refer: 37 69 N 1 0 0 1 0 0 3
Refer: 260 -1 N 0.786834 0 0 0.981481 315 80 2
Refer: 261 -1 N 1 0 0 1 57 -17 2
EndChar
