StartChar: uni1ED2
Encoding: 7890 7890 666
Width: 1410
Flags: W
LayerCount: 2
Fore
Refer: 47 79 N 1 0 0 1 0 0 3
Refer: 261 -1 N 1 0 0 1 248 -34 2
Refer: 259 -1 N 0.781309 0 0 0.981481 141 124 2
EndChar
