StartChar: uni1EBE
Encoding: 7870 7870 646
Width: 1144
Flags: W
LayerCount: 2
Fore
Refer: 37 69 N 1 0 0 1 0 0 3
Refer: 260 -1 N 0.786834 0 0 0.981481 645 164 2
Refer: 261 -1 N 1 0 0 1 117 -34 2
EndChar
