StartChar: uni1EC0
Encoding: 7872 7872 648
Width: 558
Flags: HW
LayerCount: 2
Fore
Refer: 261 -1 N 1 0 0 1 57 -17 2
Refer: 37 69 N 1 0 0 1 0 0 3
Refer: 259 -1 N 0.781309 0 0 0.981481 4 61 2
EndChar
