StartChar: uni1EA8
Encoding: 7848 7848 713
Width: 605
Flags: HW
LayerCount: 2
Fore
Refer: 261 -1 N 1 0 0 1 92 -17 2
Refer: 33 65 N 1 0 0 1 0 0 3
Refer: 270 -1 N 0.944516 0 0 0.910829 350 281 2
EndChar
