StartChar: uni1EA7
Encoding: 7847 7847 624
Width: 477
Flags: HW
LayerCount: 2
Fore
Refer: 242 770 N 1 0 0 1 515 4 2
Refer: 65 97 N 1 0 0 1 0 0 3
Refer: 190 768 N 0.872402 0 0 0.870229 334 125 2
EndChar
