StartChar: uni1EB0
Encoding: 7856 7856 632
Width: 605
Flags: HW
LayerCount: 2
Fore
Refer: 33 65 N 1 0 0 1 0 0 3
Refer: 259 -1 N 0.783554 0 0 0.977177 128 75 2
Refer: 247 774 N 1 0 0 0.878918 633 264 2
EndChar
