StartChar: uni1ED7
Encoding: 7895 7895 671
Width: 444
Flags: HW
LayerCount: 2
Fore
Refer: 243 771 N 0.936452 0 0 0.884615 511 231 2
Refer: 242 770 N 0.994497 0 0 0.896296 501 75 2
Refer: 79 111 N 1 0 0 1 0 0 3
EndChar
