StartChar: uni1EB1
Encoding: 7857 7857 633
Width: 978
Flags: HW
LayerCount: 2
Fore
Refer: 190 768 N 0.872402 0 0 0.870229 980 336 2
Refer: 247 774 N 0.962702 0 0 0.878918 1038 138 2
Refer: 65 97 N 1 0 0 1 0 0 3
EndChar
