StartChar: uni1EAB
Encoding: 7851 7851 627
Width: 477
Flags: HW
LayerCount: 2
Fore
Refer: 243 771 N 0.936452 0 0 0.884615 531 231 2
Refer: 242 770 N 0.994497 0 0 0.896296 522 75 2
Refer: 65 97 N 1 0 0 1 0 0 3
EndChar
