StartChar: uni1EA5
Encoding: 7845 7845 622
Width: 978
Flags: HW
LayerCount: 2
Fore
Refer: 65 97 N 1 0 0 1 -0 0 3
Refer: 242 770 N 1 0 0 1 1054 8 2
Refer: 191 769 N 0.876136 0 0 0.870229 1284 322 2
EndChar
