StartChar: uni1EA5
Encoding: 7845 7845 622
Width: 477
Flags: HW
LayerCount: 2
Fore
Refer: 65 97 N 1 0 0 1 0 0 3
Refer: 242 770 N 1 0 0 1 515 4 2
Refer: 191 769 N 0.876136 0 0 0.870229 627 157 2
EndChar
