StartChar: uni1EB2
Encoding: 7858 7858 634
Width: 605
Flags: HW
LayerCount: 2
Fore
Refer: 33 65 N 1 0 0 1 0 0 3
Refer: 270 -1 N 0.944516 0 0 0.910829 243 310 2
Refer: 247 774 N 1 0 0 0.878918 633 264 2
EndChar
