StartChar: uni1ED1
Encoding: 7889 7889 665
Width: 910
Flags: HW
LayerCount: 2
Fore
Refer: 79 111 N 1 0 0 1 0 0 3
Refer: 242 770 N 1 0 0 1 1020 8 2
Refer: 191 769 N 0.876136 0 0 0.870229 1250 322 2
EndChar
