StartChar: uni1EC5
Encoding: 7877 7877 653
Width: 384
Flags: HW
LayerCount: 2
Fore
Refer: 243 771 N 0.936452 0 0 0.884615 507 231 2
Refer: 242 770 N 0.994497 0 0 0.896296 498 75 2
Refer: 69 101 N 1 0 0 1 0 0 3
EndChar
