StartChar: uni1ED0
Encoding: 7888 7888 664
Width: 688
Flags: HW
LayerCount: 2
Fore
Refer: 260 -1 N 0.786834 0 0 0.981481 379 80 2
Refer: 261 -1 N 1 0 0 1 121 -17 2
Refer: 47 79 N 1 0 0 1 0 0 3
EndChar
