StartChar: uni1EBF
Encoding: 7871 7871 647
Width: 788
Flags: W
LayerCount: 2
Fore
Refer: 69 101 N 1 0 0 1 0 0 3
Refer: 242 770 N 1 0 0 1 1008 8 2
Refer: 191 769 N 0.876136 0 0 0.870229 1238 322 2
EndChar
