StartChar: uni1EA8
Encoding: 7848 7848 713
Width: 1240
Flags: W
LayerCount: 2
Fore
Refer: 261 -1 N 1 0 0 1 189 -34 2
Refer: 33 65 N 1 0 0 1 1 0 3
Refer: 270 -1 N 0.944516 0 0 0.910829 717 575 2
EndChar
