StartChar: uni1EA4
Encoding: 7844 7844 621
Width: 1240
Flags: W
LayerCount: 2
Fore
Refer: 260 -1 N 0.786834 0 0 0.981481 717 164 2
Refer: 261 -1 N 1 0 0 1 189 -34 2
Refer: 33 65 N 1 0 0 1 1 0 3
EndChar
