StartChar: uni1EAE
Encoding: 7854 7854 630
Width: 1240
Flags: W
LayerCount: 2
Fore
Refer: 33 65 N 1 0 0 1 0 0 3
Refer: 260 -1 N 0.78453 0 0 0.981481 519 146 2
Refer: 247 774 N 1 0 0 0.878918 1296 540 2
EndChar
