StartChar: uni1EAF
Encoding: 7855 7855 631
Width: 978
Flags: HW
LayerCount: 2
Fore
Refer: 191 769 N 0.876136 0 0 0.870229 1076 322 2
Refer: 247 774 N 0.962702 0 0 0.878918 1038 138 2
Refer: 65 97 N 1 0 0 1 0 0 3
EndChar
