StartChar: uni1EB4
Encoding: 7860 7860 636
Width: 605
Flags: HW
LayerCount: 2
Fore
Refer: 33 65 N 1 0 0 1 0 0 3
Refer: 263 -1 N 0.969772 0 0 0.831689 108 222 2
Refer: 247 774 N 1 0 0 0.878918 633 264 2
EndChar
