StartChar: uni1EB3
Encoding: 7859 7859 635
Width: 477
Flags: HW
LayerCount: 2
Fore
Refer: 65 97 N 1 0 0 1 0 0 3
Refer: 250 777 N 1 0 0 1 555 78 2
Refer: 247 774 N 0.962702 0 0 0.878918 507 67 2
EndChar
