StartChar: uni1EB5
Encoding: 7861 7861 637
Width: 477
Flags: HW
LayerCount: 2
Fore
Refer: 65 97 N 1 0 0 1 0 0 3
Refer: 247 774 N 0.962702 0 0 0.878918 507 67 2
Refer: 243 771 N 0.936452 0 0 0.884615 522 232 2
EndChar
