StartChar: uni1EA6
Encoding: 7846 7846 623
Width: 1240
Flags: HW
LayerCount: 2
Fore
Refer: 33 65 N 1 0 0 1 1 0 3
Refer: 261 -1 N 1 0 0 1 189 -34 2
Refer: 259 -1 N 0.781309 0 0 0.981481 81 124 2
EndChar
