StartChar: uni1EB2
Encoding: 7858 7858 634
Width: 1240
Flags: HW
LayerCount: 2
Fore
Refer: 33 65 N 1 0 0 1 0 0 3
Refer: 270 -1 N 0.944516 0 0 0.910829 497 635 2
Refer: 247 774 N 1 0 0 0.878918 1296 540 2
EndChar
