
StartChar: multiply
Encoding: 215 215 505
Width: 1698
VWidth: 0
UnlinkRmOvrlpSave: 1
Flags: W
LayerCount: 2
Fore
Refer: 504 43 N 0.707107 0.707107 -0.707107 0.707107 365 -624 2
EndChar
