StartChar: u1EE00.alt0
Encoding: 1119031 -1 6180
Width: 207
LayerCount: 2
Fore
Refer: 342 -1 N 0.837122 0.547016 -0.547016 0.837122 117 407 2
Refer: 5878 126464 N 1 0 0 1 0 0 2
EndChar
