StartChar: ldot.sc
Encoding: 65664 -1 574
Width: 978
VWidth: 0
Flags: W
LayerCount: 2
Fore
Refer: 117 183 N 0.885988 0 0 0.878668 558 58 2
Refer: 484 -1 N 1 0 0 1 -0 0 2
EndChar
