StartChar: uni1EBF
Encoding: 7871 7871 775
Width: 354
Flags: HW
LayerCount: 2
Fore
Refer: 68 101 N 1 0 0 1 0 0 3
Refer: 231 770 N 1 0 0 1 492 4 2
Refer: 230 769 N 0.876136 0 0 0.870229 604 157 2
EndChar
