StartChar: uni1ED0
Encoding: 7888 7888 792
Width: 693
Flags: HW
LayerCount: 2
Fore
Refer: 285 -1 N 0.786834 0 0 0.981481 379 80 2
Refer: 286 -1 N 1 0 0 1 121 -17 2
Refer: 46 79 N 1 0 0 1 0 0 3
EndChar
