StartChar: uni1EA8
Encoding: 7848 7848 867
Width: 572
Flags: HW
LayerCount: 2
Fore
Refer: 295 -1 N 0.944516 0 0 0.910829 350 281 2
Refer: 32 65 N 1 0 0 1 0 0 3
Refer: 286 -1 N 1 0 0 1 92 -17 2
EndChar
