StartChar: uni1ED7
Encoding: 7895 7895 799
Width: 404
Flags: HW
LayerCount: 2
Fore
Refer: 232 771 N 0.936452 0 0 0.884615 511 231 2
Refer: 231 770 N 0.994497 0 0 0.896296 501 75 2
Refer: 78 111 N 1 0 0 1 0 0 3
EndChar
