StartChar: uni1EB5
Encoding: 7861 7861 765
Width: 898
Flags: W
LayerCount: 2
Fore
Refer: 64 97 N 1 0 0 1 0 0 3
Refer: 263 774 N 0.962702 0 0 0.878918 1038 138 2
Refer: 232 771 N 0.936452 0 0 0.884615 1070 476 2
EndChar
