StartChar: uni1EAB
Encoding: 7851 7851 755
Width: 898
Flags: W
LayerCount: 2
Fore
Refer: 232 771 N 0.936452 0 0 0.884615 1088 474 2
Refer: 231 770 N 0.994497 0 0 0.896296 1069 154 2
Refer: 64 97 N 1 0 0 1 0 0 3
EndChar
