StartChar: uni1EA7
Encoding: 7847 7847 752
Width: 438
Flags: HW
LayerCount: 2
Fore
Refer: 229 768 N 0.872402 0 0 0.870229 334 125 2
Refer: 64 97 N 1 0 0 1 0 0 3
Refer: 231 770 N 1 0 0 1 515 4 2
EndChar
