StartChar: uni1EB4
Encoding: 7860 7860 764
Width: 572
Flags: HW
LayerCount: 2
Fore
Refer: 32 65 N 1 0 0 1 0 0 3
Refer: 288 -1 N 0.969772 0 0 0.831689 108 222 2
Refer: 263 774 N 1 0 0 0.878918 633 264 2
EndChar
