StartChar: uni1EA6
Encoding: 7846 7846 751
Width: 1172
Flags: W
LayerCount: 2
Fore
Refer: 284 -1 N 0.781309 0 0 0.981481 81 124 2
Refer: 286 -1 N 1 0 0 1 189 -34 2
Refer: 32 65 N 1 0 0 1 1 0 3
EndChar
