StartChar: uni1EC5
Encoding: 7877 7877 781
Width: 726
Flags: W
LayerCount: 2
Fore
Refer: 232 771 N 0.936452 0 0 0.884615 1038 474 2
Refer: 231 770 N 0.994497 0 0 0.896296 1019 154 2
Refer: 68 101 N 1 0 0 1 0 0 3
EndChar
