StartChar: uni1EB1
Encoding: 7857 7857 761
Width: 438
Flags: HW
LayerCount: 2
Fore
Refer: 229 768 N 0.872402 0 0 0.870229 498 164 2
Refer: 263 774 N 0.962702 0 0 0.878918 507 67 2
Refer: 64 97 N 1 0 0 1 0 0 3
EndChar
