StartChar: uni1EAE
Encoding: 7854 7854 758
Width: 572
Flags: HW
LayerCount: 2
Fore
Refer: 32 65 N 1 0 0 1 0 0 3
Refer: 285 -1 N 0.78453 0 0 0.981481 253 91 2
Refer: 263 774 N 1 0 0 0.878918 633 264 2
EndChar
