StartChar: uni1EAF
Encoding: 7855 7855 759
Width: 438
Flags: HW
LayerCount: 2
Fore
Refer: 230 769 N 0.876136 0 0 0.870229 525 157 2
Refer: 263 774 N 0.962702 0 0 0.878918 507 67 2
Refer: 64 97 N 1 0 0 1 0 0 3
EndChar
