StartChar: uni1ED2
Encoding: 7890 7890 794
Width: 693
Flags: HW
LayerCount: 2
Fore
Refer: 284 -1 N 0.781309 0 0 0.981481 69 61 2
Refer: 286 -1 N 1 0 0 1 121 -17 2
Refer: 46 79 N 1 0 0 1 0 0 3
EndChar
