StartChar: uni1EA8
Encoding: 7848 7848 867
Width: 1172
Flags: W
LayerCount: 2
Fore
Refer: 295 -1 N 0.944516 0 0 0.910829 717 575 2
Refer: 32 65 N 1 0 0 1 1 0 3
Refer: 286 -1 N 1 0 0 1 189 -34 2
EndChar
