StartChar: uni1EA4
Encoding: 7844 7844 749
Width: 1172
Flags: HW
LayerCount: 2
Fore
Refer: 285 -1 N 0.786834 0 0 0.981481 717 164 2
Refer: 286 -1 N 1 0 0 1 189 -34 2
Refer: 32 65 N 1 0 0 1 1 0 3
EndChar
