StartChar: uni1EC1
Encoding: 7873 7873 777
Width: 354
Flags: HW
LayerCount: 2
Fore
Refer: 229 768 N 0.872402 0 0 0.870229 312 125 2
Refer: 68 101 N 1 0 0 1 0 0 3
Refer: 231 770 N 1 0 0 1 492 4 2
EndChar
