StartChar: uni1EA5
Encoding: 7845 7845 750
Width: 898
Flags: W
LayerCount: 2
Fore
Refer: 64 97 N 1 0 0 1 -0 0 3
Refer: 231 770 N 1 0 0 1 1054 8 2
Refer: 230 769 N 0.876136 0 0 0.870229 1284 322 2
EndChar
