StartChar: uni1ED0
Encoding: 7888 7888 792
Width: 1420
Flags: HW
LayerCount: 2
Fore
Refer: 285 -1 N 0.786834 0 0 0.981481 776 164 2
Refer: 286 -1 N 1 0 0 1 248 -34 2
Refer: 46 79 N 1 0 0 1 0 0 3
EndChar
