StartChar: uni1ED2
Encoding: 7890 7890 794
Width: 1420
Flags: W
LayerCount: 2
Fore
Refer: 284 -1 N 0.781309 0 0 0.981481 141 124 2
Refer: 286 -1 N 1 0 0 1 248 -34 2
Refer: 46 79 N 1 0 0 1 0 0 3
EndChar
