StartChar: uni1EC0
Encoding: 7872 7872 776
Width: 1108
Flags: W
LayerCount: 2
Fore
Refer: 284 -1 N 0.781309 0 0 0.981481 9 124 2
Refer: 36 69 N 1 0 0 1 0 0 3
Refer: 286 -1 N 1 0 0 1 117 -34 2
EndChar
