StartChar: uni1ED3
Encoding: 7891 7891 795
Width: 828
Flags: HW
LayerCount: 2
Fore
Refer: 78 111 N 1 0 0 1 0 0 3
Refer: 231 770 N 1 0 0 1 1020 8 2
Refer: 229 768 N 0.872402 0 0 0.870229 650 256 2
EndChar
