StartChar: uni1EB0
Encoding: 7856 7856 760
Width: 572
Flags: HW
LayerCount: 2
Fore
Refer: 32 65 N 1 0 0 1 0 0 3
Refer: 284 -1 N 0.783554 0 0 0.977177 187 94 2
Refer: 263 774 N 1 0 0 0.878918 633 264 2
EndChar
