StartChar: uni1EB3
Encoding: 7859 7859 763
Width: 898
Flags: W
LayerCount: 2
Fore
Refer: 64 97 N 1 0 0 1 0 0 3
Refer: 266 777 N 1 0 0 1 1137 159 2
Refer: 263 774 N 0.962702 0 0 0.878918 1038 138 2
EndChar
