StartChar: uni1EBE
Encoding: 7870 7870 774
Width: 541
Flags: HW
LayerCount: 2
Fore
Refer: 36 69 N 1 0 0 1 0 0 3
Refer: 285 -1 N 0.786834 0 0 0.981481 315 80 2
Refer: 286 -1 N 1 0 0 1 57 -17 2
EndChar
